header:
  seq: 999
  stamp:
    secs: 1435607489
    nsecs: 924811809
  frame_id: world
status:
  status: 0
  service: 1
latitude: 40.491963
longitude: -3.569049
altitude: -400.551
position_covariance: [0, 0.0, 0.0, 0.0, 0, 0.0, 0.0, 0.0, 7.650756]
position_covariance_type: 2
